      Assignment         w1         w2   Data Height 

             4N-H    119.688      7.873    125990208 
             5N-H    120.761      7.640    102751168 
             8N-H    113.976      7.457     68753600 
             9N-H    119.705      7.141     87772736 
            11N-H    118.416      7.850     93451200 
            12N-H    119.930      7.354     85353408 
            13N-H    109.230      7.833     22495680 
            15N-H    119.449      7.952    116933504 
            16N-H    124.267      8.536    116070912 
            17N-H    124.155      8.651     90784768 
            18N-H    124.082      8.754     79248064 
            19N-H    126.152      8.668     87706112 
            20N-H    128.430      8.215     78463616 
            21N-H    126.126      9.052    106926656 
            22N-H    114.812      8.441     82424064 
            23N-H    102.594      6.454     46495360 
            24N-H    124.711     10.163     52682944 
            25N-H    119.779      8.746    100914112 
            26N-H    122.823     10.722     55417792 
            27N-H    123.188      7.432    115649792 
            28N-H    103.034      8.547     54556864 
            29N-H    122.485      9.615     41347136 
            30N-H    122.186      9.094     72282496 
            31N-H    119.091      8.810     53709312 
            32N-H    121.765      7.788     79084608 
            33N-H    118.346      7.979     74043776 
            34N-H    116.338      8.168    106958912 
            35N-H    121.019      7.892    100002880 
            36N-H    114.775      7.308     99649984 
            37N-H    109.999      7.029    122162944 
            38N-H    116.907      7.949     83800064 
            39N-H    103.665      7.001    105673408 
            40N-H    121.102      8.435    121853056 
            41N-H    124.795      8.300     95731456 
            42N-H    132.463      9.048     76189056 
            43N-H    126.134      8.837     93952512 
            44N-H    121.858      9.329     83660224 
            45N-H    122.337      8.360     89491136 
            47N-H    107.908      7.296    115235456 
            48N-H    124.243      7.797    120449216 
            49N-H    114.592      8.792     77580864 
            50N-H    123.520      8.257    121887552 
            51N-H    122.106      7.674    107491712 
            52N-H    124.928      8.828     86065536 
            53N-H    126.319      8.742     79276032 
            54N-H    115.252      8.825     95099520 
            55N-H    122.181      8.540     78495744 
            56N-H    126.374      8.456     89459072 
            57N-H    125.747      9.108    101936256 
            58N-H    122.745      8.670    106239744 
            59N-H    118.555      8.929     80222720 
            60N-H    123.478      8.600    127539456 
            62N-H    123.448      9.114     81146368 
            64N-H    127.171      9.490     85764544 
            65N-H    122.880      7.480     58306944 
            67N-H    114.409      7.792     78772544 
            68N-H    107.449      8.162     51109376 
            69N-H    110.388      8.700    106938240 
            70N-H    119.412      8.483     65420096 
            71N-H    121.127      8.509     22232320 
            74N-H    116.589      9.540     99523520 
            82N-H    118.487      7.478    118102144 
            84N-H    117.156      7.911    126035136 
            85N-H    124.681      8.594     75329472 
            86N-H    104.073      7.556     79370560 
            87N-H    126.634      9.242    107848064 
            88N-H    125.719      9.587     85241856 
            89N-H    129.566      9.219    120783808 
            90N-H    128.434      8.335     86726144 
            91N-H    123.248      8.750     95513728 
            92N-H    124.218      9.125     70187520 
            93N-H    123.891      8.430     80820416 
            94N-H    117.898      9.104     99478016 
            95N-H    119.539      6.916     82364736 
            96N-H    124.240      8.039     81235584 
            97N-H    118.669      8.417     91368768 
            98N-H    114.226      7.326    104481216 
            99N-H    121.580      7.005    114772032 
           101N-H    123.095      7.685    125855168 
           103N-H    116.907      8.074    118013760 
           104N-H    117.992      8.057    115139648 
           105N-H    117.384      8.293    114674432 
           106N-H    122.948      8.362    104766208 
           107N-H    115.466      8.440    104254784 
           109N-H    118.913      7.639    167258304 
           110N-H    114.277      7.972    107523968 
           111N-H    120.166      7.096    114601088 
           112N-H    118.774      7.331    110946368 
           116N-H    122.746      7.419    131774272 
           117N-H    115.137      8.410    122213888 
           118N-H    122.445      7.155    117742784 
           119N-H    122.417      7.545     86129280 
           120N-H    126.889      8.465     86484224 
           121N-H    128.919      9.208     88815296 
           122N-H    126.047      9.081    107584768 
           123N-H    125.345      8.737     88978752 
           124N-H    129.073      8.635     91635328 
           125N-H    121.792      8.723     88744512 
           126N-H    117.171      7.658     80168128 
           127N-H    112.993      7.984     95303936 
           128N-H    114.142      9.764     91109568 
           129N-H    122.886      7.269    108426560 
           131N-H    115.122      8.541     58936320 
           132N-H    122.107      7.282    163215936 
           133N-H    122.815      8.185     83964096 
           134N-H    118.961      8.724    122359040 
           135N-H    119.471      8.878    102717376 
           136N-H    124.113      8.376     81732672 
           137N-H    121.789      8.312    138973760 
           138N-H    119.459      8.377    118435520 
           139N-H    117.284      8.175     98646784 
           140N-H    120.577      7.331    113299328 
           141N-H    119.075      8.531    110113472 
           142N-H    115.246      8.325    126433344 
           143N-H    104.287      7.332    101732352 
           144N-H    116.197      7.224     93287808 
           145N-H    112.301      7.912    117855616 
           146N-H    113.430      7.511    111801984 
           147N-H    122.512      7.245    111619072 
           150N-H    118.842      7.770     24027008 
           151N-H    126.863      9.187     73368512 
           152N-H    121.550      7.884    121738624 
           154N-H    123.294      7.017    100541632 
           155N-H    126.023      8.778     86350784 
           156N-H    133.351      8.983    110816064 
           157N-H    116.286      8.672     82061248 
           159N-H    132.368      9.494     96123136 
           160N-H    104.168      7.068     71528832 
           161N-H    115.475      7.564    138710912 
           162N-H    112.868      8.349     85733760 
           163N-H    124.638      7.911    132959808 
           164N-H    113.726      8.882     68025408 
           165N-H    118.678      7.421    109392064 
           166N-H    118.988      9.097    102061888 
           167N-H    119.665      9.666    130352064 
           168N-H    105.594      8.236    102746112 
           170N-H    123.756      9.187    115086080 
           171N-H    119.823      7.300    108616384 
           172N-H    118.953      8.126     97480704 
           173N-H    113.941      8.753    122098048 
           174N-H    118.774      7.708     97930432 
           175N-H    117.076      7.472    110272896 
           176N-H    118.029      7.812     93627712 
           177N-H    118.338      7.680    130603648 
           178N-H    116.159      7.408     79277312 
           179N-H    119.586      7.454    104745280 
           180N-H    127.999      7.885    280433536 
